-5.1899
-4.7922
-4.4132
-4.0803
-3.7962
-3.5556
-3.3508
-3.1755
-3.0245
-2.8937
-2.7801
-2.6809
-2.5938
-2.5168
-2.448
-2.3861
-2.3299
-2.2783
-2.2304
-2.1856
-2.1436
-2.1039
-2.0664
-2.0305
-1.996
-1.9628
-1.9305
-1.899
-1.8683
-1.8382
-1.8084
-1.7791
-1.7501
-1.7213
-1.6927
-1.6642
-1.6358
-1.6075
-1.5794
-1.5513
-1.5236
-1.4964
-1.4697
-1.4436
-1.4183
-1.3937
-1.3698
-1.3467
-1.3241
-1.302
-1.2803
-1.259
-1.2381
-1.2175
-1.1972
-1.1771
-1.1574
-1.1378
-1.1185
-1.0992
-1.0801
-1.061
-1.0421
-1.0232
-1.0043
-0.98547
-0.96667
-0.94789
-0.92913
-0.91039
-0.89172
-0.87319
-0.85485
-0.83674
-0.81892
-0.80138
-0.78409
-0.76703
-0.7502
-0.73358
-0.71715
-0.7009
-0.68483
-0.66889
-0.6531
-0.63744
-0.6219
-0.60649
-0.5912
-0.57602
-0.56094
-0.54592
-0.53097
-0.51605
-0.50115
-0.48624
-0.4713
-0.45629
-0.44118
-0.42596
-0.41062
-0.39517
-0.37963
-0.364
-0.34836
-0.33275
-0.3172
-0.30173
-0.28635
-0.27106
-0.25587
-0.24078
-0.22579
-0.2109
-0.19612
-0.18144
-0.16686
-0.15239
-0.13801
-0.12374
-0.10956
-0.09549
-0.081513
-0.067644
-0.053891
-0.040266
-0.026753
-0.013336
2.4153e-15
0.013271
0.026492
0.039669
0.052813
0.06593
0.079028
0.092109
0.10517
0.1182
0.1312
0.14416
0.15708
0.16993
0.18273
0.19543
0.20801
0.22046
0.23275
0.24487
0.25684
0.26866
0.28037
0.29196
0.30345
0.31487
0.32623
0.33754
0.34884
0.36015
0.37148
0.38286
0.39432
0.40588
0.41756
0.42937
0.44131
0.45338
0.4656
0.47798
0.49051
0.50318
0.516
0.52897
0.54206
0.5553
0.56866
0.58215
0.59576
0.60947
0.62328
0.63717
0.65113
0.66513
0.67916
0.69321
0.70726
0.72129
0.73526
0.74918
0.76303
0.7768
0.79044
0.80393
0.81725
0.83035
0.84316
0.85563
0.86775
0.87953
0.89095
0.90205
0.91283
0.92331
0.93353
0.94351
0.95329
0.96289
0.97236
0.98172
0.99101
1.0003
1.0095
1.0186
1.0277
1.0366
1.0454
1.0541
1.0627
1.0712
1.0795
1.0879
1.0962
1.1045
1.113
1.1216
1.1304
1.1396
1.1493
1.1593
1.1699
1.181
1.1927
1.2051
1.2182
1.2322
1.247
1.2629
1.28
1.2983
1.3181
1.3396
1.3629
1.3884
1.4163
1.4467
1.4798
1.5158
1.5546
1.5967
1.6423
1.6918
1.7457
1.8048
1.8693
1.9388
2.0116
2.0843
